50
49.686129 10.291476
14.877273 17.213256
81.103639 7.474135
4.505286 61.213215
59.482858 25.061044
14.736774 1.128611
46.811505 95.474153
55.577853 64.972168
58.087723 16.888183
41.586877 65.300567
62.057163 40.377004
87.376593 55.506480
42.891124 13.969233
23.023930 19.714782
79.849217 33.232939
42.109594 44.482139
82.476769 16.265433
39.669424 87.430281
96.342445 79.511632
11.845222 93.755505
15.345838 47.293881
60.899791 26.451339
92.197545 93.228182
13.482173 80.451079
91.686894 53.243386
30.795657 60.483604
77.601714 37.273698
56.522566 5.072014
43.653950 77.586517
0.036163 82.415926
81.161809 89.742416
51.690860 79.631986
40.297286 91.950425
69.703631 5.257124
96.071585 74.493777
43.322233 99.287142
58.000810 90.180988
93.002286 30.850356
75.529872 93.922326
13.303094 91.554462
26.621733 42.442471
52.183865 93.377275
89.519899 29.564073
90.641875 63.950299
92.310568 26.282658
79.526678 8.626700
82.070645 92.342371
49.439916 66.712550
52.878169 28.138747
68.008182 21.387149
