100
43.254171 3.177480
62.785050 18.441870
29.637593 25.696757
67.992504 28.256022
91.684239 20.811897
63.152101 79.862466
53.263332 17.479349
17.745932 73.375495
39.984115 51.205834
4.098570 47.419712
1.081859 80.112924
14.073803 29.452437
85.438370 79.999288
38.678921 83.899584
36.179245 90.824130
22.860299 48.394145
65.827115 21.606386
98.194162 9.210933
66.282859 26.745644
51.153229 40.821088
39.277147 97.647868
23.311433 80.463973
62.589782 73.949759
6.059247 7.987558
19.113912 82.170456
96.174420 60.922528
11.046645 5.216898
65.707627 84.654852
89.363673 98.112803
60.175992 67.934518
38.152139 25.679135
54.947895 88.624249
78.798629 1.188092
65.827379 87.775727
18.842965 93.422424
48.967604 65.276821
22.677531 19.197633
84.302791 68.077969
78.602437 66.668534
41.428006 0.197975
24.917357 21.181047
74.899500 80.325336
7.760115 84.054527
22.791762 12.712857
76.440858 60.596180
19.590573 60.714768
75.275348 85.666506
22.579135 14.630490
17.762949 48.114350
95.095055 6.039277
20.860508 79.028834
77.973203 38.543715
82.422364 3.770527
4.881656 90.378857
70.894795 21.255055
26.647588 20.771376
10.681536 48.732432
84.825333 5.526832
7.688329 52.813751
68.261565 76.981235
80.073474 1.499094
74.426836 51.313656
98.818456 11.100340
32.219110 88.258089
1.905069 70.153596
74.484344 74.818349
11.209246 36.291193
50.984432 41.638143
10.699067 42.735751
39.785458 78.930127
14.709751 18.150294
20.022031 74.803447
66.162579 34.617603
52.355201 70.607387
8.963492 75.694477
42.537661 88.157858
31.842721 22.090175
29.531723 52.835994
16.099130 11.585635
13.087667 53.268547
47.630247 48.017220
24.071309 85.267773
13.379414 52.312847
97.699840 11.023033
25.461042 6.273604
9.006598 38.767035
3.153526 10.036627
98.458994 46.136067
70.226632 64.091544
79.986644 68.864199
7.603577 4.084594
5.713768 47.819935
13.610085 47.487935
76.195756 16.624776
76.401977 57.740191
86.639916 86.637448
46.980924 69.107797
93.089661 29.502798
84.119479 10.559815
67.214783 69.295152
